# среднее число ходов за 1000 симуляций - сторона доски
8.599 10
21.717 15
45.331 20
69.13 25
111.956 30
157.479 35
204.51 40
262.199 45
327.228 50
394.434 55
461.51 60
533.434 65
658.477 70
758.4 75
859.549 80
912.63 85
1030.7 90
1202.5 95
==================
1.098 5
75.068 25
255.368 45
566.056 65
1016.34 85
1577 105
2138.71 125
3053.02 145
3758.67 165
5124.55 185
5752.08 205
6961.5 225
7787.99 245
10133.1 265
10222.5 285
12877.7 305
13051.2 325
15777.3 345
18690.8 365
17153.9 385
20450 405
24372.2 425
24906.9 445
30705 465
29829 485
30941.8 505
34854 525