# проценты - среднее число ходов за 500 симуляций (доска 200 на 1)
2 3528.34
4 1894.24
6 1368.22
8 943.856
10 691.354
12 509.168
14 404.122
16 316.174
18 270.132
20 233.038
22 207.826
24 163.378
26 155.746
28 124.76
30 99.2
32 100.762
34 88.048
36 73.98
38 63.51
40 57.982
42 51.894
44 45.404
46 39.752
48 34.068
50 32.978
52 28.566
54 24.182
56 24.554
58 20.168
60 18.176
62 16.428
64 13.26
66 12.952
68 10.498
70 9.498
72 8.094
74 7.144
76 5.992
78 5.064
80 4.298
82 3.464
84 2.716
86 2.068
88 1.842
90 1.414
92 0.992
94 0.53
96 0.254
98 0.052