10 0.092231 0.000000
20 0.046923 0.000000
40 0.023666 0.000000
80 0.011885 0.000000
160 0.005955 0.000000
320 0.002981 0.000000
640 0.001491 0.000000
1280 0.000746 0.000000
2560 0.000374 0.000000
5120 0.000199 0.000000
10240 0.000199 0.000000
20480 0.000199 0.000000
40960 0.000199 0.000000
81920 0.000199 0.000000
163840 0.000199 0.000000
327680 0.000199 0.000000
655360 0.000199 8.208000
1310720 0.000199 7.992300
2621440 0.000199 13.929400
5242880 0.000199 28.425600
10485760 0.000199 58.330100
20971520 0.000199 101.243600
41943040 0.000199 260.766400
83886080 0.000199 436.267300
167772160 0.000199 895.119100
335544320 0.000199 1715.436000
671088640 0.000199 3409.492100
1342177280 0.000199 6206.189600
2684354560 0.000199 8390.625700
5368709120 -inf 17028.514100