10 0.099753 0.000000
20 0.049969 0.000000
40 0.024996 0.000000
80 0.012500 0.000000
160 0.006251 0.000000
320 0.003124 0.000000
640 0.001562 0.000000
1280 0.000784 0.000000
2560 0.000390 0.000000
5120 0.000191 0.000000
10240 0.000092 0.000000
20480 0.000044 0.000000
40960 0.000020 0.000000
81920 0.000009 0.000000
163840 0.000003 0.000000
327680 -0.000000 0.000000
655360 -0.000002 8.004200
1310720 -0.000003 1.479600
2621440 -0.000004 18.648300
5242880 -0.000004 21.295800
10485760 -0.000004 55.284000
20971520 -0.000004 104.679500
41943040 -0.000004 203.388700
83886080 -0.000004 405.034200
167772160 -0.000004 829.306100
335544320 -0.000004 1632.544800
671088640 -0.000004 3360.555000
1342177280 -0.000004 5970.790000
2684354560 -0.000004 8402.487600
5368709120 -0.000004 16933.676200