10 0.073888 0.000000
20 0.038075 0.000000
40 0.019332 0.000000
80 0.009740 0.000000
160 0.004889 0.000000
320 0.002448 0.000000
640 0.001227 0.000000
1280 0.000609 0.000000
2560 0.000243 0.000000
5120 0.000243 0.000000
10240 0.000243 0.000000
20480 0.000243 0.000000
40960 0.000243 0.000000
81920 0.000243 0.000000
163840 0.000243 0.000000
327680 0.000243 0.000000
655360 0.000243 0.000000
1310720 0.000243 0.000000
2621440 0.000243 8.003300
5242880 0.000243 23.080900
10485760 0.000243 49.454500
20971520 -0.085475 103.926200
41943040 -0.709698 210.639700
83886080 -0.859125 414.061500
167772160 -0.859844 809.284600
335544320 -0.861322 1661.701200
671088640 -0.864287 3332.190600
1342177280 -0.870216 5897.209600
2684354560 inf 8158.554700
5368709120 -inf 16766.053500